# test_ggx_control Oct32 output baseline.
#
# One line per Sample:  <burst> <sample_idx> <oct32_hex> <tlast>
# The Oct32 word is exactly what the Lane put on the output stream. ADR-0001
# fixes the encoding and its 2x16-bit width; the field ORDER is
# {field_w, field_u}, from hdl/axis_oct32_encode.sv.
#
# Captured and compared with:  python sim/harness.py baseline capture|check
# Contains no timestamp, no simulation time and no absolute path by design, so
# `diff` on this file is a complete comparison -- see docs/harness.md.
0 0 aff37ec8 0
0 1 526972a2 0
0 2 766d8a3e 0
0 3 68a73421 0
0 4 953d7684 0
0 5 459d9d28 0
0 6 67687f55 0
0 7 71901965 0
0 8 96d8b54b 0
0 9 64e94e15 0
0 10 887f6621 0
0 11 3c1d9ed7 0
0 12 840dad43 0
0 13 66104b89 0
0 14 695269b6 0
0 15 3ab1a7aa 0
0 16 a11b563a 0
0 17 42ee72e3 0
0 18 56a69bbb 0
0 19 49df4507 0
0 20 92fa5503 0
0 21 2dba7819 0
0 22 53c49279 0
0 23 47763bd8 0
0 24 7d71c312 0
0 25 48196733 0
0 26 7bd13b52 0
0 27 2ca57204 0
0 28 72bbb21e 0
0 29 3f6662cb 0
0 30 605760c2 0
0 31 18b2741b 0
0 32 8c6db0f5 0
0 33 5de55d9d 0
0 34 873b65df 0
0 35 3bb5a14a 0
0 36 78aaa30c 0
0 37 6c4a3dd5 0
0 38 70c367f0 0
0 39 39a7aec3 0
0 40 b9f982a7 0
0 41 45d28e4b 0
0 42 7f4f908c 0
0 43 66af3a30 0
0 44 a3f97b09 0
0 45 45bb9420 0
0 46 62f87af7 0
0 47 6c3c293d 0
0 48 76bab883 0
0 49 4c916975 0
0 50 6f084cbc 0
0 51 2183732a 0
0 52 6f7eace2 0
0 53 3dce61fb 0
0 54 6e834d71 0
0 55 0b7a7591 0
0 56 abc65762 0
0 57 3db27426 0
0 58 5948a427 0
0 59 4be84c74 0
0 60 96785549 0
0 61 320a7704 0
0 62 51b47838 0
0 63 489f4051 0
0 64 aded81ee 0
0 65 4dc1799e 0
0 66 781f89cd 0
0 67 591e3ed0 0
0 68 9588798a 0
0 69 4c0aa083 0
0 70 69ef8022 0
0 71 5ad92b58 0
0 72 8fe6c61f 0
0 73 69fc4d36 0
0 74 896a6089 0
0 75 32eb96c7 0
0 76 7770b322 0
0 77 6afc4b86 0
0 78 682467b2 0
0 79 30729d79 0
0 80 9aad48f0 0
0 81 40d37a1c 0
0 82 509198b4 0
0 83 532b3e9a 0
0 84 8d9b4912 0
0 85 3034897b 0
0 86 4f8b93b7 0
0 87 52bb30b3 0
0 88 74a7c582 0
0 89 4bd66294 0
0 90 7fe13d7c 0
0 91 3359675d 0
0 92 6ad0b27f 0
0 93 45b85b83 0
0 94 625d6035 0
0 95 25e064cb 0
0 96 7e01bcb7 0
0 97 5e246137 0
0 98 852a5fd9 0
0 99 319a9a4f 0
0 100 6ef2a67e 0
0 101 75063a94 0
0 102 6efb652e 0
0 103 2e1fa417 0
0 104 b5b3853f 0
0 105 4a6b8fe8 0
0 106 7f978edd 0
0 107 58f2410c 0
0 108 a5267e9f 0
0 109 4b2a978c 0
0 110 64ce7b90 0
0 111 5a073413 0
0 112 6e7fb9b9 0
0 113 4dc264c5 0
0 114 73434c4f 0
0 115 2b5665d4 0
0 116 692faf43 0
0 117 456b5b29 0
0 118 6fe65044 0
0 119 1e3c635c 0
0 120 a37b4908 0
0 121 3aab7d83 0
0 122 52d5a3be 0
0 123 538f477a 0
0 124 91ce4901 0
0 125 332684c2 0
0 126 50b87786 0
0 127 52e13624 1
1 0 a84b5fd1 0
1 1 dd5f8c2a 0
1 2 a551b223 0
1 3 a8454434 0
1 4 85a562cc 0
1 5 dd5d9373 0
1 6 b190993a 0
1 7 a9864c0c 0
1 8 bfb08248 0
1 9 c1984f6f 0
1 10 68396984 0
1 11 d1de8634 0
1 12 bdaa878e 0
1 13 c91849c0 0
1 14 6fd36554 0
1 15 bdcf6e74 0
1 16 97db4e5d 0
1 17 e1c56e95 0
1 18 937db03e 0
1 19 9cbf3e79 0
1 20 80273a64 0
1 21 e8d270c7 0
1 22 a45b979f 0
1 23 9ff6453d 0
1 24 a5696c2c 0
1 25 87fe2b3e 0
1 26 64105151 0
1 27 c51c5843 0
1 28 9ec677bb 0
1 29 6aeb2180 0
1 30 6c874df9 0
1 31 b2235dc3 0
1 32 b5326de7 0
1 33 c27e4ec1 0
1 34 5ffe6e2e 0
1 35 d20584e2 0
1 36 b7f8963f 0
1 37 c5294cbb 0
1 38 7dfe5dc8 0
1 39 c44373e6 0
1 40 967c6116 0
1 41 dd548821 0
1 42 a79badcb 0
1 43 a74c3e80 0
1 44 91e46182 0
1 45 dd099fe1 0
1 46 ac2fa49e 0
1 47 aa2c5068 0
1 48 a74568d1 0
1 49 7ae32027 0
1 50 4e345b68 0
1 51 bd965a5f 0
1 52 9d507a35 0
1 53 70252105 0
1 54 71854c15 0
1 55 bca95aa3 0
1 56 92c04a0b 0
1 57 d6f86b4c 0
1 58 9dfda149 0
1 59 981234c0 0
1 60 875b4070 0
1 61 ee847293 0
1 62 a2e799de 0
1 63 a79d55a7 0
1 64 a8386272 0
1 65 e0d48882 0
1 66 9fb9b36f 0
1 67 a8e4438e 0
1 68 92107243 0
1 69 e11e8fd4 0
1 70 adf19970 0
1 71 aa104c3f 0
1 72 c2e08470 0
1 73 b8964742 0
1 74 632f5ff5 0
1 75 c9de8cd9 0
1 76 c2b684f0 0
1 77 bd0c3d9d 0
1 78 6dc45ac8 0
1 79 ba966e16 0
1 80 9b5d4e81 0
1 81 ee1d7e7c 0
1 82 8ab4b0ef 0
1 83 97c23d36 0
1 84 82dd3592 0
1 85 f27f857c 0
1 86 a1359349 0
1 87 9ba143ad 0
1 88 a0c06938 0
1 89 811a2a7d 0
1 90 65b6454a 0
1 91 cbbf6124 0
1 92 97117146 0
1 93 63232cca 0
1 94 6dda42d3 0
1 95 b6755feb 0
1 96 b6476d2b 0
1 97 b9804550 0
1 98 6051616a 0
1 99 ca908959 0
1 100 bd089673 0
1 101 bae7424d 0
1 102 7b63547c 0
1 103 c26e75f6 0
1 104 9e2e699a 0
1 105 e0ac858c 0
1 106 a3caac78 0
1 107 a8724079 0
1 108 98906d9e 0
1 109 e1469b64 0
1 110 a7eca4f8 0
1 111 aa8c5029 0
1 112 a4256661 0
1 113 72ea2ac4 0
1 114 54204b75 0
1 115 c2c16088 0
1 116 965371e4 0
1 117 69722bf9 0
1 118 715341cf 0
1 119 c108606e 0
1 120 96644971 0
1 121 de6276cc 0
1 122 97cca025 0
1 123 909d3157 0
1 124 8a4e3d25 0
1 125 f2f88798 0
1 126 9d81986c 0
1 127 a94c5abc 0
1 128 ad276195 0
1 129 a48a33db 0
1 130 5fa37502 0
1 131 d3917a1a 0
1 132 b2ef940a 0
1 133 a32c2d63 0
1 134 7f1662c3 0
1 135 c56a707d 0
1 136 930b5cff 0
1 137 cf3495e5 0
1 138 b02fac24 0
1 139 bbab526b 0
1 140 90205cc4 0
1 141 cb01b20a 0
1 142 b35ca437 0
1 143 b32159ba 0
1 144 affd72f9 0
1 145 8eaf1ee2 0
1 146 57d84633 0
1 147 c8b96667 0
1 148 aada8bd9 0
1 149 896013e5 0
1 150 73d73e1a 0
1 151 c22c64bd 0
1 152 966d53a1 0
1 153 c6b25988 0
1 154 86a295f0 0
1 155 8a3f2d98 0
1 156 84af4a32 0
1 157 d281572d 0
1 158 8f6a8d2a 0
1 159 a43a53d7 0
1 160 a0a35e45 0
1 161 ced898a2 0
1 162 adb2b21a 0
1 163 bb5352b6 0
1 164 818f5bce 0
1 165 cda7a153 0
1 166 b7df9893 0
1 167 b5be577f 0
1 168 bc2b7ffe 0
1 169 a5643801 0
1 170 64fd71cb 0
1 171 dc2f804c 0
1 172 b880880a 0
1 173 a0c32286 0
1 174 70bc6ae8 0
1 175 bec56c03 0
1 176 9d4b575e 0
1 177 cc67585f 0
1 178 71c1a3dc 0
1 179 96ae3fd6 0
1 180 80ef483e 0
1 181 d11e5772 0
1 182 944c8839 0
1 183 973d40a8 0
1 184 b10e78eb 0
1 185 959c2d7a 0
1 186 679c4168 0
1 187 cfe4684a 0
1 188 ae28869b 0
1 189 847909e2 0
1 190 6ff23f22 0
1 191 b329612a 1
2 0 6eeec92f 0
2 1 9a907fbb 0
2 2 6900a61a 0
2 3 8b833cf5 0
2 4 70e3c0b1 0
2 5 b5037953 0
2 6 69aaa51b 0
2 7 912b1d91 0
2 8 4c26b66c 0
2 9 70a564dd 0
2 10 8e53b969 0
2 11 c0147e4b 0
2 12 5544ad9f 0
2 13 6b025702 0
2 14 84ce9aa3 0
2 15 d4617bbb 0
2 16 bd98a717 0
2 17 812e80b9 0
2 18 50518d1b 0
2 19 50be5c37 0
2 20 aecc9f55 0
2 21 97c453bc 0
2 22 5bee8b46 0
2 23 45ba5200 0
2 24 18778407 0
2 25 5c356fe3 0
2 26 a382a4db 0
2 27 a8475b14 0
2 28 32e8847f 0
2 29 58956d7d 0
2 30 9448982e 0
2 31 af2953f3 0
2 32 50c8b1f3 0
2 33 71946729 0
2 34 8b88b062 0
2 35 cd817c99 0
2 36 5801aafa 0
2 37 6a01548b 0
2 38 894ca928 0
2 39 e1bb7a0b 0
2 40 6ba4d776 0
2 41 a65c7ce0 0
2 42 641aad79 0
2 43 8a1b44c3 0
2 44 707ec269 0
2 45 b19b7a26 0
2 46 768691c3 0
2 47 8d633290 0
2 48 2a6a8459 0
2 49 6be07a3d 0
2 50 a0b7a288 0
2 51 ab4d57f2 0
2 52 40fe84bf 0
2 53 503667f5 0
2 54 964099d2 0
2 55 b2ec500c 0
2 56 c772ac3f 0
2 57 91ff5f3d 0
2 58 4cac8dae 0
2 59 51ec5d4f 0
2 60 b578a2d4 0
2 61 93425cba 0
2 62 647e89ec 0
2 63 4c6e5838 0
2 64 7d57d42c 0
2 65 9a987ab8 0
2 66 6f2cabbe 0
2 67 7efa354a 0
2 68 7d7dc9c1 0
2 69 af8871f3 0
2 70 707fa875 0
2 71 7f421423 0
2 72 4459ad08 0
2 73 78f86250 0
2 74 991cb242 0
2 75 b8f38df1 0
2 76 4e0ba67e 0
2 77 76765154 0
2 78 876b94e9 0
2 79 cae89063 0
2 80 c700993b 0
2 81 848d7296 0
2 82 532d9282 0
2 83 5a965418 0
2 84 b6e694f6 0
2 85 8fc24efb 0
2 86 5c218fe3 0
2 87 50f94689 0
2 88 23dd72c6 0
2 89 5afd7381 0
2 90 9d4daa50 0
2 91 ab7f5d57 0
2 92 3580769b 0
2 93 556f7088 0
2 94 91c19cbb 0
2 95 b2f55688 0
2 96 49a1a978 0
2 97 798c663c 0
2 98 93eea9aa 0
2 99 c55f8fa2 0
2 100 524da39f 0
2 101 75be4c6e 0
2 102 9131a51f 0
2 103 dbf392b4 0
2 104 7d22e312 0
2 105 a2c1774d 0
2 106 6b7cb4e4 0
2 107 7ee04104 0
2 108 7d78cb0b 0
2 109 ac3b7355 0
2 110 7af58e82 0
2 111 7f17280d 0
2 112 2e797514 0
2 113 68b37ad9 0
2 114 9be4a8a8 0
2 115 adaf5b58 0
2 116 41ed794d 0
2 117 4d626c38 0
2 118 93879ed1 0
2 119 b74a5295 0
2 120 d8d49df6 0
2 121 8c385a38 0
2 122 4f7c9397 0
2 123 5b775556 0
2 124 bdb196c3 0
2 125 8c5159e9 0
2 126 672f8ca6 0
2 127 57174f2a 0
2 128 59feb840 0
2 129 84236a95 0
2 130 7488ad59 0
2 131 c33c72b0 0
2 132 5e77b211 0
2 133 8a1e4e20 0
2 134 74a2acf1 0
2 135 dd166b38 0
2 136 930ed360 0
2 137 a44282f4 0
2 138 5ae1a6e2 0
2 139 66095107 0
2 140 8ef8c40f 0
2 141 b61c8188 0
2 142 6e9b948e 0
2 143 5f464222 0
2 144 2ee49162 0
2 145 748a7d7b 0
2 146 a61698f2 0
2 147 9c064c16 0
2 148 44898e3e 0
2 149 56a3621d 0
2 150 9d8d94dd 0
2 151 a2e23e99 0
2 152 b91bb964 0
2 153 9bfe6986 0
2 154 45438320 0
2 155 4de864b5 0
2 156 aca8ae7e 0
2 157 9fd365c7 0
2 158 60418467 0
2 159 45935ee7 1
